{"covs": [[[800.6513347187641, 685.8600858049864, 337.02775372434905, 420.71636749644387, 167.6655770733619, 280.87868696499953, 577.6372552384827, 254.20143917606413, 377.4418869655599, 132.11837812224283, 139.4304321187147, -6.734824378841378, -45.08070706948656, 40.99979079598208, -20.70341440362679, -93.47716348760056], [685.8600858049864, 4326.100355034024, 3306.885673041378, 2518.354489790987, 1726.5036321024245, 4825.8103174001235, 3453.1929525969954, 2538.641312954127, 2023.9294474545002, 1317.7039892787002, 3544.59346856994, 455.9974701661045, 181.78253429706635, 278.82358336933936, 91.22395472484834, 127.62877722294476], [337.02775372434905, 3306.8856730413786, 3898.5768040543567, 1913.9526474376794, 2185.409905341878, 5428.305452887896, 2637.360461678329, 2964.8817700234285, 1479.3523277027489, 1643.0081510380494, 3851.577404722984, 382.36119798945754, 96.86627142579705, 154.81953646302543, 42.43852954605468, -65.35192650691648], [420.71636749644387, 2518.354489790987, 1913.9526474376794, 1564.9965467726151, 1021.6324223303438, 2719.133204477385, 2037.6204825851316, 1473.4580288077382, 1251.7768582696526, 787.1088132510606, 1977.2348089001941, 284.07673222726527, 110.13197712366195, 185.46412373849608, 63.192916047758615, 43.081247669497635], [167.66557707336187, 1726.5036321024245, 2185.409905341878, 1021.6324223303438, 1362.4811627726126, 3038.4227503482884, 1380.5179970713589, 1657.3728765284282, 789.9373939221736, 983.9377233264961, 2094.733271717166, 197.1694315730063, 20.43302926809191, 78.50353938874375, 9.308332814767546, -105.16415514939918], [280.8786869649995, 4825.8103174001235, 5428.305452887896, 2719.133204477385, 3038.4227503482884, 10795.620198526009, 3845.947671041221, 4102.971123061204, 2060.4237677999886, 2205.5592945347707, 7583.734792339545, 682.8088937292063, 367.62277469953807, 219.47983612200522, 132.01053883487887, 523.3211267384039], [577.6372552384827, 3453.1929525969954, 2637.360461678329, 2037.620482585132, 1380.5179970713586, 3845.947671041221, 3010.145923361361, 2179.2840250493177, 1783.1534347156437, 1140.5804391518366, 3004.07664789289, 473.6346033233955, 174.7042888412449, 300.1976676328311, 91.16743992310668, 91.15075632792208], [254.20143917606407, 2538.641312954127, 2964.881770023428, 1473.4580288077382, 1657.3728765284282, 4102.971123061204, 2179.2840250493177, 2465.8450212825196, 1232.2702912289483, 1377.6488717900572, 3211.712052814431, 396.27189800456046, 201.37648959059155, 180.9496798913636, 111.0468081414376, 164.80428522864733], [377.4418869655599, 2023.9294474544997, 1479.3523277027489, 1251.7768582696526, 789.9373939221736, 2060.4237677999886, 1783.1534347156437, 1232.2702912289483, 1117.8191403303636, 667.9075735977049, 1598.2654938645478, 289.77477539163687, 109.25532100307437, 209.68106885357133, 69.25777369879911, 41.90666130960555], [132.11837812224283, 1317.7039892787002, 1643.0081510380494, 787.1088132510605, 983.9377233264959, 2205.5592945347707, 1140.5804391518363, 1377.648871790057, 667.907573597705, 827.9164618692563, 1707.2157912631556, 220.55904943260344, 105.95441503323407, 109.8018135139945, 70.61754152397215, 74.0419735223488], [139.4304321187146, 3544.59346856994, 3851.577404722984, 1977.2348089001941, 2094.733271717166, 7583.734792339545, 3004.07664789289, 3211.712052814431, 1598.2654938645478, 1707.2157912631556, 6479.218614025887, 712.2361400656806, 668.3740136041712, 263.92615795716466, 321.9168602988851, 1357.1085801516967], [-6.734824378841371, 455.9974701661045, 382.36119798945754, 284.07673222726527, 197.16943157300636, 682.8088937292063, 473.6346033233955, 396.27189800456046, 289.774775391637, 220.55904943260344, 712.2361400656807, 382.1979010683184, 277.0801641007481, 215.90292483446598, 156.22971505177685, 410.15740082104793], [-45.08070706948654, 181.7825342970664, 96.86627142579705, 110.13197712366198, 20.433029268091904, 367.62277469953807, 174.70428884124493, 201.37648959059155, 109.25532100307437, 105.95441503323406, 668.3740136041712, 277.08016410074816, 473.79352301046833, 148.59544998165197, 274.6683627039591, 891.9186782095619], [40.99979079598208, 278.82358336933936, 154.81953646302543, 185.46412373849606, 78.50353938874375, 219.47983612200525, 300.19766763283116, 180.94967989136356, 209.68106885357136, 109.8018135139945, 263.92615795716466, 215.90292483446598, 148.59544998165197, 153.97980638365516, 93.69985965127542, 214.2137225471377], [-20.703414403626798, 91.22395472484834, 42.43852954605469, 63.192916047758615, 9.30833281476755, 132.0105388348788, 91.16743992310668, 111.0468081414376, 69.25777369879911, 70.61754152397215, 321.9168602988851, 156.22971505177685, 274.6683627039591, 93.69985965127542, 178.83844939014975, 520.8017829294593], [-93.47716348760052, 127.6287772229446, -65.35192650691644, 43.08124766949769, -105.16415514939914, 523.3211267384037, 91.15075632792202, 164.80428522864733, 41.90666130960558, 74.04197352234885, 1357.1085801516967, 410.15740082104793, 891.9186782095619, 214.21372254713768, 520.8017829294593, 2148.813496985456]], [[26.174442067471336, 489.701663362971, -225.25792768331777, 379.7734501357697, -158.43938243752123, -72.82779303575812, 415.2175597589145, -116.78939674657234, 322.5004023083023, -78.8381698136705, -137.39118396167433, -42.64108689084162, 60.93816760858398, -10.450857989324758, 56.45778284269803, -136.36839681563393], [489.701663362971, 20350.687579750105, -3717.5895338257046, 17316.38732714139, -2611.678304293206, -1053.7550534850309, 17991.270755633697, -392.49089407656675, 15388.128549181545, 160.18589887761806, -1977.435890070247, 17.7232251279373, 3116.154502314958, 770.4233284630548, 3000.9514571805516, -2217.0697523882864], [-225.25792768331777, -3717.589533825705, 4560.461501656673, -3052.661226922875, 2970.2509925615623, 833.2878380380804, -2596.479965502248, 3323.790173025605, -2081.655773629387, 2365.829699576185, 2200.4450143003846, 1788.4248544877257, 869.7173909782013, 1295.2730080415142, 835.1744112521923, 2686.2868067308427], [379.7734501357697, 17316.38732714139, -3052.661226922875, 15410.527603779688, -2100.0908870791814, -764.6154673154103, 15319.890613008925, -365.3125120227462, 13655.255895596885, 224.7689044023405, -1517.6320588100655, 59.58856239975907, 2406.9783917978534, 713.0147132920488, 2492.001503938308, -1816.6591756870623], [-158.43938243752126, -2611.678304293206, 2970.2509925615627, -2100.0908870791814, 2040.0361180111638, 595.6008744929379, -1922.92471279781, 2020.3150800801275, -1501.637294817905, 1487.5765708971799, 1468.8921732831884, 1089.209649377971, 295.0113893676792, 778.0224673245217, 336.42978724964706, 1708.6985095114255], [-72.82779303575812, -1053.7550534850309, 833.2878380380804, -764.6154673154103, 595.6008744929379, 416.79532161244333, -836.6763486780872, 470.4677199467037, -598.427638503583, 338.1291076653882, 647.254171510745, 197.82310491503787, -184.84159876845075, 97.31217146350917, -149.32919425233447, 549.2304622249806], [415.2175597589145, 17991.270755633697, -2596.479965502248, 15319.890613008925, -1922.9247127978101, -836.6763486780872, 16476.54319227669, 576.987767600331, 14079.101801127832, 807.6390289910605, -1360.111361867197, 473.4659964260926, 3512.4913178879237, 1060.715463567619, 3297.3149455581465, -1432.8125994074182], [-116.78939674657234, -392.4908940765666, 3323.790173025605, -365.3125120227462, 2020.3150800801275, 470.46771994670377, 576.987767600331, 3419.9884758720655, 464.70803265062904, 2436.9345327291608, 1560.4956708089005, 1490.4329987197575, 2189.631400096368, 1194.6957218113248, 1870.489082417499, 2106.2111711428747], [322.5004023083023, 15388.128549181545, -2081.6557736293876, 13655.255895596885, -1501.637294817905, -598.4276385035828, 14079.101801127832, 464.70803265062926, 12528.614433371904, 783.2449865606603, -1017.9736229937271, 466.13355933450583, 2757.9535282678735, 990.4276643818756, 2763.883997103069, -1161.3714619168463], [-78.8381698136705, 160.18589887761817, 2365.829699576185, 224.76890440234038, 1487.5765708971799, 338.12910766538823, 807.6390289910603, 2436.9345327291608, 783.2449865606603, 1823.3647125522746, 1110.8562986122201, 1106.078870400126, 1547.682721509694, 923.6796516452534, 1407.6595321311727, 1481.0678743988562], [-137.39118396167427, -1977.4358900702473, 2200.4450143003846, -1517.6320588100655, 1468.8921732831886, 647.254171510745, -1360.111361867197, 1560.4956708089005, -1017.9736229937271, 1110.8562986122201, 1503.0974516494007, 816.7806447408706, 177.1392377256523, 544.2588409141493, 182.35598580393008, 1587.9603630204142], [-42.64108689084162, 17.723225127937255, 1788.4248544877257, 59.58856239975911, 1089.209649377971, 197.8231049150379, 473.46599642609266, 1490.4329987197577, 466.13355933450583, 1106.0788704001259, 816.7806447408706, 1805.3189615164351, 780.4001629088989, 1462.1946724214865, 800.467752558885, 1169.317528588174], [60.93816760858398, 3116.154502314958, 869.7173909782011, 2406.9783917978534, 295.0113893676792, -184.84159876845072, 3512.4913178879233, 2189.6314000963685, 2757.9535282678726, 1547.682721509694, 177.13923772565224, 780.400162908899, 2799.6251672615253, 783.9560446666177, 2313.7128010235624, 694.0563199452132], [-10.450857989324762, 770.4233284630548, 1295.2730080415142, 713.014713292049, 778.0224673245217, 97.31217146350917, 1060.715463567619, 1194.6957218113248, 990.4276643818756, 923.6796516452534, 544.2588409141492, 1462.1946724214865, 783.9560446666177, 1286.8168902829525, 821.4031392610094, 832.6983960780934], [56.45778284269803, 3000.9514571805516, 835.1744112521922, 2492.0015039383084, 336.42978724964706, -149.32919425233447, 3297.314945558146, 1870.489082417499, 2763.883997103069, 1407.6595321311727, 182.35598580393008, 800.467752558885, 2313.7128010235624, 821.4031392610094, 2041.3291349321553, 628.0328895405859], [-136.36839681563393, -2217.0697523882864, 2686.2868067308427, -1816.659175687062, 1708.6985095114255, 549.2304622249806, -1432.8125994074182, 2106.2111711428747, -1161.3714619168463, 1481.0678743988558, 1587.9603630204138, 1169.317528588174, 694.0563199452132, 832.6983960780934, 628.0328895405859, 1999.684789074487]], [[21738.352734413234, -1822.1026079952294, -3442.8212532659636, -1413.0646837039944, -2875.2117680715096, -3923.0710565146046, -1588.4563330289886, -2525.086466232875, -1218.523277989063, -2052.437907881259, -3026.55707028268, 390.0078471310563, -354.2325235235282, 200.61056794876546, -502.68450729827913, -722.5301977812454], [-1822.102607995229, 2836.559209636528, 331.65372976521707, 1964.6256324741682, -19.041998034095883, 964.4909744109309, 1994.8606356681908, 1024.3186883724084, 1455.360917280639, 656.4250875960903, 1919.8270883922717, 610.3751532775917, 882.2027402748356, 477.4415590179659, 598.9165953332387, 1626.674476044006], [-3442.8212532659636, 331.65372976521707, 1497.0829812552056, 373.87267786869023, 1354.9356303889979, 1402.8289039111933, 329.5486777386953, 764.4092124861164, 330.66031903983543, 756.3631170677611, 667.6041318709224, -283.4685217283847, 22.655958731789756, -194.40410907370293, 193.18004043575957, 81.40590902537842], [-1413.0646837039944, 1964.6256324741682, 373.87267786869023, 1456.9941957918852, 117.94889517551672, 975.2365880827981, 1315.6851580932603, 720.9688552441233, 1019.7067804379859, 504.45510028586614, 1368.5604419785304, 283.03737166252097, 565.2658100202801, 240.17381493379304, 424.1489948688301, 1016.6476029614137], [-2875.2117680715096, -19.041998034095872, 1354.9356303889979, 117.94889517551672, 1404.565792693702, 803.8810171450008, 237.11991824768586, 657.5830096262674, 254.82970202503972, 708.7904668740838, 419.67096211305244, -218.46563933022486, -66.34117528020994, -163.92469937574566, 116.09733038121212, 49.453297522229946], [-3923.0710565146046, 964.4909744109311, 1402.8289039111933, 975.2365880827981, 803.8810171450008, 4856.341290510397, -93.99871276046532, 468.34723891833625, 133.71020962802203, 473.36239059472814, 1043.267908269511, -949.9958577774689, 51.4893927167769, -586.7247499790861, 283.06703076507415, -503.5289268269413], [-1588.4563330289886, 1994.8606356681908, 329.5486777386953, 1315.6851580932603, 237.11991824768586, -93.99871276046528, 1968.6379018493258, 1024.7628613498675, 1390.8516345843827, 692.4360434111102, 1611.2568079840214, 947.4483164740618, 762.4559724229543, 672.2770896034826, 476.1659121884263, 1755.3896107343605], [-2525.086466232875, 1024.3186883724084, 764.4092124861164, 720.9688552441235, 657.5830096262674, 468.34723891833625, 1024.7628613498675, 928.8841913057997, 751.3641418201561, 746.3674698673105, 1158.430140231932, 316.10462198925813, 405.1942213125788, 230.80498041513349, 343.45710985749355, 915.2840853875479], [-1218.523277989063, 1455.3609172806393, 330.6603190398355, 1019.7067804379859, 254.82970202503967, 133.71020962802203, 1390.8516345843827, 751.3641418201559, 1028.0898262596324, 536.9408826629622, 1202.0895736839095, 597.7343244036872, 524.1686970715826, 431.3173739202425, 353.7264967783946, 1205.262098163296], [-2052.437907881259, 656.4250875960903, 756.3631170677611, 504.45510028586614, 708.7904668740838, 473.36239059472814, 692.4360434111102, 746.3674698673105, 536.940882662962, 660.428909897144, 842.5146982128065, 118.0096746279605, 250.28723296884056, 88.68584413471984, 266.19695025810637, 590.4391807641284], [-3026.55707028268, 1919.8270883922717, 667.6041318709224, 1368.5604419785304, 419.67096211305244, 1043.267908269511, 1611.2568079840212, 1158.4301402319322, 1202.0895736839095, 842.5146982128065, 2041.9524384765216, 541.689908002124, 696.5137917275503, 425.52364169472423, 514.3773641195463, 1594.2697916204258], [390.00784713105634, 610.3751532775917, -283.4685217283847, 283.03737166252097, -218.46563933022486, -949.995857777469, 947.4483164740618, 316.10462198925813, 597.7343244036872, 118.0096746279605, 541.6899080021237, 983.0736274703612, 404.88357068001824, 672.3329188608036, 154.30682100041912, 1090.376316108053], [-354.2325235235281, 882.2027402748356, 22.655958731789756, 565.2658100202801, -66.34117528020991, 51.489392716776905, 762.4559724229543, 405.1942213125788, 524.1686970715826, 250.2872329688406, 696.5137917275501, 404.88357068001824, 432.544907664413, 300.0320124432083, 274.7963155872969, 803.8287291185777], [200.6105679487654, 477.4415590179659, -194.40410907370293, 240.17381493379304, -163.9246993757457, -586.724749979086, 672.2770896034826, 230.8049804151335, 431.3173739202425, 88.68584413471984, 425.5236416947243, 672.3329188608036, 300.0320124432083, 474.79894329227693, 123.25464817526877, 780.088679781603], [-502.68450729827913, 598.9165953332387, 193.18004043575957, 424.1489948688301, 116.09733038121212, 283.06703076507415, 476.1659121884263, 343.45710985749355, 353.72649677839456, 266.19695025810637, 514.3773641195464, 154.30682100041912, 274.7963155872969, 123.25464817526878, 226.53322455209758, 463.3085304163668], [-722.5301977812454, 1626.674476044006, 81.40590902537842, 1016.6476029614133, 49.45329752222993, -503.5289268269416, 1755.3896107343605, 915.2840853875476, 1205.2620981632958, 590.4391807641285, 1594.2697916204258, 1090.376316108053, 803.8287291185777, 780.088679781603, 463.3085304163668, 2156.800635591501]], [[10404.338778282374, -793.352928069467, -2907.7277185869098, -1868.633149345997, -3347.0015286991343, -287.353886890157, -875.9265303440845, -2543.5931182800527, -1901.731012642954, -2968.746303311632, -140.83580713773287, -1087.4174675722215, -537.6101947867519, -1699.3962383136434, -1264.2336124277665, 797.358035319293], [-793.352928069467, 8342.560978991127, 5990.71264368233, 6381.127432200203, 5084.226047470969, 7012.762958913042, 6593.857718717951, 4597.325457485379, 5325.052151316399, 4024.3453180018078, 5023.770760676571, 1585.7213557665607, 672.0296579841929, 1552.0330021288921, 757.0342799108165, 1192.0146021836324], [-2907.727718586909, 5990.71264368233, 9932.099993636646, 5383.424745863192, 8564.803310278196, 11396.21867724297, 5092.467575677339, 7785.366880867054, 4969.047693669199, 6970.397127659775, 8097.741169504938, 2212.599489566658, 1220.6285275019707, 2506.5261052404067, 1808.6307166913273, 793.4681604766721], [-1868.633149345997, 6381.127432200203, 5383.424745863192, 6327.661168274225, 5722.202370446289, 4033.459578091217, 5245.142892923905, 4206.889557460582, 5339.516325877447, 4522.005402592067, 2750.351710489104, 1925.5481454493781, 745.2235641109862, 2232.4213717555185, 1271.4926972452265, 269.79604663546974], [-3347.0015286991343, 5084.226047470969, 8564.803310278196, 5722.202370446289, 8784.259151807028, 7826.034358869089, 4402.804427464739, 6722.620636621724, 5176.22951414755, 6954.264250703754, 5408.726121362483, 2591.8871041738353, 1174.9529332651011, 3052.237223911828, 2074.4062965995754, 25.40137993109801], [-287.353886890157, 7012.762958913044, 11396.21867724297, 4033.459578091217, 7826.034358869089, 44089.16883163277, 6448.489545636285, 9935.763796083738, 4468.549065993514, 7363.539866897705, 26195.661107055188, 118.58270363507773, 434.2991982250444, 669.4436166819802, 988.5224057356378, 2622.652325244519], [-875.9265303440845, 6593.857718717951, 5092.467575677339, 5245.142892923905, 4402.804427464738, 6448.489545636285, 5879.226439814136, 4523.299976812553, 4820.053835563827, 3939.304020557139, 5476.934934419238, 1170.4725450263659, 500.9222223784961, 1326.1485275101927, 698.0309772210926, 1122.4725648712185], [-2543.5931182800527, 4597.325457485379, 7785.366880867054, 4206.889557460582, 6722.620636621724, 9935.763796083738, 4523.299976812553, 6962.7511937627605, 4278.222303103927, 6084.433604272043, 8207.90915720333, 1299.5914459305236, 749.8407705733641, 1773.9900122366826, 1337.7086207585342, 636.3193046970748], [-1901.7310126429531, 5325.052151316399, 4969.0476936692, 5339.516325877446, 5176.22951414755, 4468.549065993514, 4820.053835563827, 4278.222303103927, 4906.819288409974, 4454.634329049436, 3524.2292979822078, 1684.2137887287356, 712.1722998401522, 2086.6668660526248, 1278.7995578738073, 397.1951483708727], [-2968.7463033116305, 4024.3453180018087, 6970.397127659775, 4522.005402592069, 6954.264250703754, 7363.539866897704, 3939.3040205571388, 6084.433604272043, 4454.634329049436, 6061.603382528018, 5852.18650448417, 1810.0402153588623, 871.7355580257757, 2384.9745217929067, 1709.06930691114, 107.45122502271884], [-140.8358071377327, 5023.770760676571, 8097.741169504938, 2750.3517104891034, 5408.726121362483, 26195.661107055188, 5476.934934419238, 8207.90915720333, 3524.229297982207, 5852.18650448417, 21894.872642008737, -403.23304809954845, 294.6915845773027, 74.8536569543487, 613.6076325810787, 1888.7906661132579], [-1087.4174675722215, 1585.7213557665607, 2212.599489566658, 1925.5481454493784, 2591.8871041738353, 118.58270363507792, 1170.472545026366, 1299.5914459305236, 1684.2137887287356, 1810.0402153588623, -403.2330480995484, 2198.6007846040275, 1349.9043541409608, 1922.0457077103672, 1393.5111176710564, 434.4467409277873], [-537.6101947867517, 672.0296579841927, 1220.6285275019707, 745.2235641109862, 1174.9529332651011, 434.2991982250443, 500.9222223784959, 749.8407705733641, 712.1722998401522, 871.7355580257757, 294.6915845773026, 1349.9043541409608, 1239.179050061461, 1079.8998201959564, 1040.7811081783325, 621.5898957934511], [-1699.3962383136434, 1552.033002128892, 2506.5261052404067, 2232.4213717555185, 3052.237223911829, 669.4436166819802, 1326.1485275101925, 1773.9900122366828, 2086.6668660526248, 2384.9745217929067, 74.8536569543489, 1922.045707710367, 1079.8998201959564, 2035.2556854183706, 1457.8803647652387, 74.62742696563367], [-1264.2336124277665, 757.0342799108167, 1808.6307166913273, 1271.4926972452265, 2074.4062965995754, 988.5224057356378, 698.0309772210926, 1337.7086207585342, 1278.7995578738073, 1709.0693069111398, 613.6076325810787, 1393.5111176710566, 1040.7811081783325, 1457.8803647652387, 1285.638555468395, 212.982703646408], [797.358035319293, 1192.0146021836324, 793.4681604766721, 269.7960466354698, 25.401379931097907, 2622.6523252445186, 1122.4725648712185, 636.3193046970749, 397.1951483708727, 107.45122502271884, 1888.7906661132577, 434.44674092778723, 621.5898957934512, 74.62742696563372, 212.98270364640797, 3137.3072674469295]], [[44.49404495739541, -27.03022555274031, -45.79008874265738, -14.515292444608884, -19.893351196606453, -129.04886532582668, -30.13430820249969, -48.152033206066115, -16.314232178237468, -21.853762367423126, -131.0688721732077, 10.488643561487688, 8.976030364561277, 6.536121057498022, 4.711031880295935, 17.2993577958511], [-27.03022555274031, 831.5990714000194, 504.6339749234223, 553.6383772744778, 318.6039375726161, 825.0217328261307, 746.3733482967224, 481.5061291210203, 505.109477499288, 304.51553530612574, 811.7461379659234, -104.05301775562278, -109.48504356630261, -52.95096278305519, -57.189683867025025, -201.39659753829224], [-45.79008874265738, 504.6339749234223, 591.1905485139848, 341.6232385113907, 357.62504164491514, 879.6354444150451, 464.5057040494248, 539.2985544320945, 311.83668691034194, 326.6520761629141, 823.0116771135392, -76.51386531208281, -79.53362745856877, -41.43037319718143, -40.05382970633466, -143.26614589485376], [-14.515292444608884, 553.6383772744778, 341.6232385113907, 427.87943596115144, 238.72164361444166, 447.3537684929957, 510.6622754874824, 326.3002682339822, 372.8841172412589, 226.92926006998147, 438.0912926617656, -68.95819624722161, -74.04675883219504, -33.52070988374211, -38.46130266556128, -133.63360915760703], [-19.893351196606456, 318.6039375726161, 357.62504164491526, 238.72164361444166, 282.9954858471489, 409.2326911574826, 291.0699479955907, 325.2700237060458, 216.41093257717202, 233.46803903450166, 356.6516769434412, -41.48794517499195, -46.78657962710997, -20.845851898942573, -23.22129204403022, -84.95252272693195], [-129.04886532582668, 825.0217328261307, 879.6354444150453, 447.3537684929957, 409.2326911574826, 2820.7271649373524, 831.3856757973894, 873.5255914293615, 447.0189492770785, 397.6570951243387, 2645.7698913200716, -186.78577398306567, -184.90684855669886, -112.97537033090009, -106.2061558516706, -365.4564547459967], [-30.134308202499692, 746.3733482967224, 464.5057040494248, 510.6622754874824, 291.0699479955907, 831.3856757973894, 736.006162217305, 477.4465650124651, 497.6357479918027, 298.00189113342475, 865.1439237453014, -112.7903045318001, -117.32972755508845, -58.11578048985865, -62.16592961394806, -218.65849875504446], [-48.152033206066115, 481.5061291210204, 539.2985544320945, 326.30026823398214, 325.2700237060458, 873.5255914293615, 477.4465650124651, 538.5404607136833, 318.965484623046, 322.9415766050145, 876.3335595509418, -90.27585885278275, -92.1290630196885, -49.350251898657845, -47.174490334214205, -168.84935834179987], [-16.314232178237468, 505.109477499288, 311.83668691034194, 372.8841172412589, 216.410932577172, 447.0189492770785, 497.6357479918027, 318.965484623046, 359.7671401002238, 218.4746486793061, 466.8470494678695, -72.64560005034741, -77.42674681926526, -36.45463363766956, -40.93160512440318, -142.17507771848628], [-21.853762367423126, 304.51553530612574, 326.6520761629141, 226.92926006998147, 233.46803903450166, 397.6570951243387, 298.00189113342475, 322.9415766050145, 218.4746486793061, 225.1612278653928, 390.2624970562419, -49.42132626589157, -54.07238515453922, -25.463007062985255, -27.826896642663115, -100.14622920270268], [-131.0688721732077, 811.7461379659233, 823.0116771135392, 438.0912926617656, 356.6516769434412, 2645.7698913200716, 865.1439237453015, 876.3335595509418, 466.8470494678695, 390.2624970562419, 2700.5897190210453, -208.7619244370713, -204.80116043749294, -125.25170758085595, -116.56986090306665, -407.121164995084], [10.488643561487692, -104.05301775562279, -76.51386531208281, -68.95819624722161, -41.48794517499195, -186.78577398306567, -112.7903045318001, -90.27585885278275, -72.64560005034743, -49.42132626589157, -208.7619244370712, 67.34451862067532, 55.69674185068119, 38.64063603296977, 29.497982333083364, 93.10798888422856], [8.976030364561277, -109.4850435663026, -79.53362745856879, -74.04675883219504, -46.78657962710997, -184.90684855669883, -117.32972755508845, -92.12906301968849, -77.42674681926526, -54.07238515453922, -204.80116043749294, 55.69674185068119, 58.07122244632559, 32.26165118594801, 31.735941384297064, 96.78853285001237], [6.536121057498022, -52.95096278305519, -41.43037319718144, -33.520709883742114, -20.845851898942573, -112.97537033090009, -58.11578048985865, -49.350251898657845, -36.45463363766956, -25.463007062985252, -125.25170758085596, 38.64063603296978, 32.26165118594801, 24.993479322582484, 17.82206524100103, 53.8355571473599], [4.711031880295935, -57.18968386702501, -40.05382970633466, -38.46130266556127, -23.22129204403022, -106.2061558516706, -62.16592961394806, -47.1744903342142, -40.93160512440318, -27.826896642663115, -116.56986090306663, 29.497982333083364, 31.735941384297064, 17.822065241001035, 21.068923854560808, 56.55992810032548], [17.299357795851105, -201.39659753829224, -143.26614589485376, -133.63360915760703, -84.95252272693195, -365.4564547459967, -218.65849875504446, -168.84935834179987, -142.17507771848628, -100.14622920270268, -407.121164995084, 93.10798888422858, 96.78853285001237, 53.8355571473599, 56.55992810032548, 199.31232328326445]], [[3.1574585427975244, 15.131712060433442, 3.2333602441136824, 12.889978238117697, 3.8331020563403846, 0.0, 15.141585295341832, -18.337353789975378, 12.818455740494356, -13.52920061464672, 0.0, 0.7439215692457424, 21.39918300107661, 1.0893192484470724, 15.457851639430844, 0.0], [15.131712060433442, 23464.557286767158, 17497.640222939004, 19989.017719386018, 14632.040517100451, 0.0, 21523.01223487165, 16233.448696881429, 18212.62061108547, 13374.808901072065, 0.0, 2261.9593339832595, 1286.6150451087933, 2680.297572344131, 1774.7250402956595, 0.0], [3.2333602441136824, 17497.640222939004, 16233.133805947475, 14507.391833699647, 13066.440878540596, 0.0, 16421.728311176124, 14931.066043092596, 13524.548113722876, 11893.172719576449, 0.0, 1856.9495258713907, 1210.6752143917538, 2194.550230018151, 1600.9636027569957, 0.0], [12.889978238117697, 19989.017719386018, 14507.391833699647, 18234.763862255648, 13019.530743908048, 0.0, 18201.42804248641, 13349.98073863981, 16428.992165828266, 11774.59691678955, 0.0, 2277.566133894401, 1311.8969735767976, 2682.5890063641627, 1831.6198667919068, 0.0], [3.8331020563403846, 14632.040517100451, 13066.440878540596, 13019.530743908048, 11538.953039395092, 0.0, 13518.0461876982, 11860.147810121642, 11916.898079876588, 10250.199192523636, 0.0, 1928.683684479296, 1194.2002246657019, 2229.6720297262573, 1613.0670332606512, 0.0], [0.0, 0.0, 0.0, 0.0, 0.0, 0.0, 0.0, 0.0, 0.0, 0.0, 0.0, 0.0, 0.0, 0.0, 0.0, 0.0], [15.141585295341832, 21523.01223487165, 16421.728311176124, 18201.42804248641, 13518.0461876982, 0.0, 20173.37284356512, 15444.75799717159, 16954.158262071298, 12581.60228196034, 0.0, 2239.317752005548, 1317.6002242468671, 2622.0874652367893, 1754.0376482505092, 0.0], [-18.337353789975378, 16233.448696881429, 14931.066043092596, 13349.98073863981, 11860.147810121642, 0.0, 15444.75799717159, 14212.975444811125, 12624.76381384618, 11199.326445839115, 0.0, 1707.7056674339026, 998.5971501469318, 2026.1146573386243, 1389.0102465979562, 0.0], [12.818455740494356, 18212.62061108547, 13524.548113722876, 16428.992165828266, 11916.898079876588, 0.0, 16954.158262071298, 12624.76381384618, 15180.721615016448, 10994.879062803444, 0.0, 2266.481992314942, 1355.539692587493, 2642.9025785031617, 1824.4838305176063, 0.0], [-13.52920061464672, 13374.808901072065, 11893.172719576449, 11774.59691678955, 10250.199192523636, 0.0, 12581.60228196034, 11199.326445839115, 10994.879062803444, 9526.453803149583, 0.0, 1797.3891586070906, 1055.6322752209346, 2082.4634103185936, 1463.2921116146488, 0.0], [0.0, 0.0, 0.0, 0.0, 0.0, 0.0, 0.0, 0.0, 0.0, 0.0, 0.0, 0.0, 0.0, 0.0, 0.0, 0.0], [0.7439215692457423, 2261.9593339832595, 1856.9495258713907, 2277.566133894401, 1928.683684479296, 0.0, 2239.317752005548, 1707.7056674339026, 2266.481992314942, 1797.3891586070906, 0.0, 1688.5236966113678, 1009.9560490300319, 1514.1922293541916, 1015.5386804173456, 0.0], [21.39918300107661, 1286.6150451087933, 1210.6752143917538, 1311.8969735767976, 1194.2002246657019, 0.0, 1317.6002242468671, 998.5971501469318, 1355.539692587493, 1055.6322752209346, 0.0, 1009.9560490300319, 1190.0626738059145, 892.1663708076761, 1050.970248996668, 0.0], [1.0893192484470726, 2680.297572344131, 2194.550230018151, 2682.5890063641627, 2229.6720297262573, 0.0, 2622.0874652367893, 2026.1146573386243, 2642.9025785031617, 2082.4634103185936, 0.0, 1514.1922293541916, 892.1663708076761, 1481.0004156054006, 976.8388452066034, 0.0], [15.457851639430844, 1774.7250402956595, 1600.9636027569957, 1831.6198667919068, 1613.0670332606512, 0.0, 1754.0376482505092, 1389.0102465979562, 1824.4838305176063, 1463.2921116146488, 0.0, 1015.5386804173456, 1050.970248996668, 976.8388452066034, 1056.9205551299744, 0.0], [0.0, 0.0, 0.0, 0.0, 0.0, 0.0, 0.0, 0.0, 0.0, 0.0, 0.0, 0.0, 0.0, 0.0, 0.0, 0.0]], [[154633.03864833034, -15308.687713461804, -25681.19379902077, -12279.373085855563, -18598.593491521828, -46315.4567671506, -8469.159219718003, -15167.923572189624, -5685.729349241391, -11450.244313826075, -22109.00818838729, 4946.284860214429, 204.60717313578252, 2208.541611706905, -1794.5720069183412, -1379.8889442585537], [-15308.687713461804, 5117.794384970175, 4544.909933139364, 4339.328677933356, 3041.4382019209256, 8766.3948649387, 3064.761752653538, 3135.948821237826, 2480.418931318834, 2354.488113878461, 4915.289353440647, -759.5732654503645, 644.3250468735995, -333.67093814657375, 940.4171697545121, 1687.0359757762844], [-25681.19379902077, 4544.909933139364, 7760.75895472339, 3674.8025266800673, 5795.582159570031, 11383.784656486669, 2795.860597312975, 5032.247667270517, 2022.7067903822167, 3917.5340292846868, 5908.849918913692, -780.9563008036412, 759.3590290103881, -230.75368804644503, 1200.3274530393332, 1143.7187485771628], [-12279.373085855565, 4339.328677933355, 3674.802526680068, 3815.4352725171734, 2474.0397156758204, 7631.486549700284, 2594.1271798476137, 2541.534997273854, 2177.529207284533, 1942.2165942426889, 4217.897134870829, -641.8453205845333, 485.76676514821855, -282.1220078074236, 780.2656050547259, 1374.6530071832303], [-18598.593491521828, 3041.4382019209247, 5795.582159570031, 2474.0397156758204, 4642.1763604055395, 7649.638076529548, 1811.5263385919518, 3746.8981761990112, 1297.9319975125895, 3082.2655061570376, 3861.73440285667, -472.69599201278106, 599.0067172225142, -100.54657808392392, 932.3543905649052, 611.3173334683739], [-46315.456767150616, 8766.3948649387, 11383.784656486669, 7631.486549700282, 7649.638076529548, 30028.696860935084, 5036.083906742069, 7048.146113847822, 3961.515029755521, 5198.536293355005, 13412.636731064633, -1982.4127240423406, -99.53874253959196, -870.6927822478752, 996.1860133829614, 1468.0589907643564], [-8469.159219718003, 3064.7617526535387, 2795.860597312975, 2594.1271798476137, 1811.5263385919518, 5036.083906742069, 2185.207250086196, 2003.6947363179406, 1781.4209425890672, 1448.3869113374355, 3024.9443907707227, -356.7534691272234, 479.6329429343027, -113.29549953531979, 631.0534675998657, 1006.5118451699876], [-15167.923572189624, 3135.948821237826, 5032.247667270517, 2541.534997273854, 3746.8981761990112, 7048.1461138478235, 2003.6947363179406, 3432.9687600330803, 1491.487402431694, 2686.1089167032937, 3888.420460576672, -402.86325685086587, 659.8745742588997, -73.71313146258326, 913.1867934435885, 998.8142415848895], [-5685.729349241391, 2480.418931318834, 2022.7067903822165, 2177.5292072845327, 1297.9319975125895, 3961.515029755521, 1781.4209425890672, 1491.4874024316935, 1515.7192957977054, 1096.3687192340112, 2397.536887932258, -248.83930150458826, 375.81111984237623, -67.28067606921717, 510.8395599780582, 817.521773182252], [-11450.244313826075, 2354.488113878461, 3917.5340292846863, 1942.2165942426889, 3082.2655061570376, 5198.536293355005, 1448.3869113374355, 2686.1089167032937, 1096.3687192340112, 2215.948211930772, 2797.4415539466177, -256.0090337730099, 540.6720439291682, -18.32874415428783, 757.4240062296936, 654.084068399583], [-22109.00818838729, 4915.289353440648, 5908.849918913692, 4217.897134870829, 3861.73440285667, 13412.636731064636, 3024.9443907707227, 3888.420460576672, 2397.536887932258, 2797.4415539466186, 7320.84294683796, -934.5046824115955, 254.46803320662886, -374.3594852935215, 719.1553692962709, 1874.9240696655663], [4946.284860214429, -759.5732654503645, -780.9563008036412, -641.845320584533, -472.69599201278123, -1982.4127240423404, -356.7534691272234, -402.86325685086587, -248.83930150458826, -256.0090337730099, -934.5046824115955, 506.3109333848775, 148.63577314242954, 348.7326490445956, 29.49511873492001, 37.248946216325486], [204.60717313578252, 644.3250468735996, 759.3590290103883, 485.76676514821855, 599.0067172225141, -99.53874253959202, 479.63294293430266, 659.8745742588997, 375.8111198423762, 540.6720439291682, 254.46803320662892, 148.63577314242954, 527.560424845732, 134.2305557783062, 467.68782150923147, 547.9283150229551], [2208.5416117069053, -333.67093814657363, -230.75368804644506, -282.1220078074236, -100.5465780839239, -870.6927822478752, -113.2954995353198, -73.71313146258326, -67.28067606921715, -18.328744154287815, -374.3594852935215, 348.7326490445956, 134.23055577830618, 274.32767883785795, 71.19150704135417, 99.21306838076815], [-1794.5720069183412, 940.4171697545121, 1200.3274530393332, 780.2656050547259, 932.3543905649052, 996.1860133829612, 631.0534675998657, 913.1867934435885, 510.8395599780582, 757.4240062296935, 719.1553692962711, 29.495118734920016, 467.68782150923147, 71.1915070413542, 496.7522392284748, 462.413290823549], [-1379.8889442585537, 1687.035975776284, 1143.7187485771628, 1374.6530071832306, 611.3173334683739, 1468.0589907643566, 1006.5118451699876, 998.8142415848896, 817.521773182252, 654.0840683995829, 1874.9240696655663, 37.24894621632545, 547.9283150229551, 99.21306838076815, 462.413290823549, 2057.6203185511304]], [[0.049482536517031, 3.1121356139382867, 3.1068801508769956, 2.0931120245125783, 2.6361900273574714, 6.287503630770226, 2.196166932680741, 1.9083524143824246, 1.2922458481585104, 1.4537925344246683, 4.954961156543853, 1.2830368700828236, 0.8474342528971068, 1.0437699663398505, 0.8418454365058479, 1.5684166405968296], [3.1121356139382863, 19101.971293336785, 15568.06918171466, 17833.46616596067, 15547.366494820904, 13351.96446223713, 15397.384340440258, 13532.426263118376, 14349.80956732445, 13257.772942746398, 11429.583817469647, 1665.3941689844528, -51.55360901572465, 2472.190404636793, 1256.5266511349855, 2864.4252896104267], [3.1068801508769956, 15568.06918171466, 17311.516090488723, 13415.189777005173, 15744.660075184513, 13880.29694660763, 12630.223259978526, 14644.633055224122, 10767.485426195517, 13085.154554566101, 12125.543395443663, 1675.1778937736403, -144.88571097071133, 2267.3687597037783, 864.1032408378094, 3425.8945017330107], [2.0931120245125783, 17833.46616596067, 13415.189777005173, 17982.242692082727, 14527.247862614164, 11427.435153949378, 14485.989753645339, 11714.8522960374, 14584.178815683314, 12436.842466651933, 9626.253611593458, 1598.7288863967158, 19.66282159353589, 2451.936405681579, 1402.195994286917, 1985.377467642949], [2.636190027357472, 15547.366494820903, 15744.66007518451, 14527.247862614164, 15658.368048111699, 12703.767500406264, 12492.941869783841, 13285.234125488649, 11618.461685136055, 12877.21884249036, 10801.778482730324, 1729.468168396529, -60.22073053774036, 2375.669698362477, 1075.7519538399113, 2686.2659867419693], [6.287503630770226, 13351.964462237132, 13880.29694660763, 11427.435153949378, 12703.767500406262, 34963.6205704437, 10999.188475867986, 12304.916025386206, 9282.668471407458, 10996.68338849349, 22699.234974657196, 1233.9044715653595, -59.458026943334644, 1611.3064461753602, 599.1502369191544, 1826.8624935216205], [2.1961669326807405, 15397.384340440258, 12630.223259978526, 14485.989753645339, 12492.941869783841, 10999.188475867986, 13179.298343830667, 11519.295264474056, 12315.541025775861, 11221.193898823909, 9857.608746714031, 1313.8696174689292, -136.03616337074862, 2107.6226233661405, 1022.9240096924822, 2349.0747672694365], [1.9083524143824246, 13532.426263118374, 14644.63305522412, 11714.8522960374, 13285.234125488649, 12304.916025386206, 11519.295264474056, 13148.324273713095, 9826.687653326399, 11713.669635850474, 11125.82290810517, 1374.1852469241558, -261.9081363629433, 1998.8652274687222, 708.8842157162939, 2968.484105000744], [1.2922458481585104, 14349.80956732445, 10767.485426195517, 14584.178815683317, 11618.461685136055, 9282.668471407456, 12315.541025775861, 9826.687653326399, 12473.894938894442, 10439.510672714461, 8123.370183381883, 1307.9246161099309, -37.228398651215294, 2120.1689607450567, 1177.3104908875785, 1551.632840767519], [1.4537925344246685, 13257.772942746398, 13085.154554566101, 12436.842466651933, 12877.21884249036, 10996.683388493491, 11221.19389882391, 11713.669635850474, 10439.510672714461, 11293.940731284054, 9706.483076304845, 1416.5111058775828, -156.45803519065066, 2080.4825873715936, 906.7324722802292, 2260.4800940485625], [4.9549611565438525, 11429.583817469651, 12125.543395443663, 9626.253611593458, 10801.778482730324, 22699.234974657196, 9857.60874671403, 11125.82290810517, 8123.370183381883, 9706.483076304845, 18715.522448834483, 883.0160759125965, -191.63444733216224, 1307.3267005948348, 416.8317057000642, 1764.3160210042022], [1.2830368700828236, 1665.3941689844528, 1675.1778937736397, 1598.7288863967156, 1729.468168396529, 1233.9044715653595, 1313.8696174689292, 1374.1852469241558, 1307.9246161099309, 1416.5111058775828, 883.0160759125968, 1278.6504633049449, 519.2970702599895, 1217.754265489373, 689.5527371025672, 837.6692705805009], [0.8474342528971066, -51.55360901572462, -144.88571097071141, 19.662821593535895, -60.22073053774034, -59.45802694333468, -136.0361633707487, -261.90813636294337, -37.22839865121533, -156.45803519065075, -191.63444733216224, 519.2970702599895, 665.3714682065001, 360.0541854670697, 522.306303380617, 400.9312601426561], [1.0437699663398505, 2472.190404636793, 2267.3687597037783, 2451.9364056815793, 2375.669698362477, 1611.3064461753604, 2107.6226233661405, 1998.8652274687222, 2120.1689607450567, 2080.4825873715936, 1307.3267005948348, 1217.754265489373, 360.0541854670697, 1354.2156438271318, 705.9401945927922, 783.1708352278723], [0.8418454365058481, 1256.5266511349857, 864.1032408378094, 1402.195994286917, 1075.7519538399113, 599.1502369191544, 1022.9240096924822, 708.8842157162937, 1177.3104908875782, 906.7324722802293, 416.83170570006405, 689.5527371025672, 522.306303380617, 705.9401945927922, 665.3059158819568, 476.1868180276225], [1.5684166405968296, 2864.4252896104267, 3425.8945017330107, 1985.3774676429487, 2686.2659867419693, 1826.86249352162, 2349.0747672694365, 2968.484105000744, 1551.632840767519, 2260.4800940485625, 1764.3160210042022, 837.6692705805009, 400.9312601426562, 783.1708352278723, 476.18681802762256, 3905.046049474191]], [[330.2803917008436, -13.009793812757856, -32.04382980523948, 2.3633540468192122, -24.14574735716909, -14.175836471003102, -18.5704511670405, -34.39916962063848, -5.600427561285449, -26.44532675031907, -13.491446431067603, 2.405372259771733, -5.757203661678167, 7.259254848062683, -1.4875266418479631, -2.2756638368012836], [-13.009793812757856, 134.68179792845567, 18.642414528041126, 100.57739187399125, 16.025782028101197, 5.472366801638266, 112.0435782211751, 29.497718403235258, 92.38632108858157, 24.70211773054966, 15.440481207118783, 23.589705067577395, 13.97736358979951, 18.772173699083073, 7.924531133170232, 12.595548871102595], [-32.04382980523948, 18.642414528041126, 63.794521346970726, 14.577836013585182, 50.15650227642073, 18.09520479866499, 18.796868553945817, 53.85157424807132, 15.81033